Group, age.study, phone.study,
[201901], [23], [1]	
[201901], [25], [2]
[201901], [22], [2]
[201901], [26], [1]
[201901], [20], [1]
[201901], [20], [2]
[201901], [18], [2]
[201901], [18], [1]
[201901], [18],	[1]	
[201901], [22],	[2]
[201901], [19],	[1]
[201901], [21],	[2]
[201901], [18],	[1]
[201901], [24],	[1]
[201901], [24], [1]
[201901], [25],	[2]
[201901], [18],	[2]
[201901], [18],  [1]
[201901], [20],	[1]
[201901], [20],	[1]
[201901], [22],  [2]
[201901], [22],	[1]
[201901], [23],	[1]
[201901], [18],	[1]
[201902], [23],	[2]
[201902], [23],  [2]
[201902], [25],  [1]
[201902], [27],	[2]
[201902], [25],	[1]
[201902], [36],	[2]
[201902], [20],	[1]
[201902], [19],	[1]
[201902], [18],  [1]
[201902], [19],  [1]
[201902], [26],	[1]
[201902], [24],	[1]
[201902], [18], [1]
[201902], [22],	[1]
[201902], [18],	[2]
[201902], [26],	[1]
[201902], [18],	[2]
[201902], [21], [1]
[201902], [26],	[1]
[201902], [20],	[1]
[201902], [30],	[2]
[201902], [20],  [1]
[201902], [20],	[1]
[201902], [24],	[1]
[201902], [23], [1]
