								Weekly Practice	Week One					Week Two			Week Three			Week Four						
Year of Birth	Gender		Course Started	Course Completed	PSS - Before Course	PSS - Course Completed	PSS - One Month On	a_1191	a_1191	a_1192	a_1192	a_1193	a_1193	a_2191	a_2192	a_2193	a_3191	a_3192	a_3193	a_4191	a_4192	a_4193				
	Male	1	13.09.2010	11.10.2010	28	16	20	2	3	1	2	0	2	2	2	1	1	2	3	3	3	2	2	2.16666666666667		
	Female	2	13.09.2010	13.10.2010	10	6	8	3	4	2	3	1	1	1	1	2	2	3	1	3	3	1	2	2.08333333333333		
	Male	1	21.09.2010	21.10.2010	26	17	14	2	3	0	1	1	1	3	1	1	1	3	1	1	2	1	1.6	1.58333333333333		
	Male	1	16.09.2010	27.10.2010	11	8	12	2	3	0	1	1	1	2	2	1	2	4	2	2	3	2	2	2.08333333333333		
	Female	2	21.09.2010	28.10.2010	17	14	6	2	3	1	2	1	1	3	2	2	3	3	3	2	3	2	2.4	2.41666666666667		
	Female	2	02.10.2010	30.10.2010	26	10	8	2	3	2	3	1	1	2	2	1	2	2	1	2	3	1	2	1.91666666666667		
	Female	2	01.10.2010	09.11.2010	24	16	16	2	3	2	3	1	1	2	2	1	2	2	2	2	2	1	2	1.91666666666667		
	Male	1	15.10.2010	12.11.2010	24	15	14	1	2	2	3	0	2	1	1	1	1	3	2	1	3	1	1	1.75		
	Female	2	02.10.2010	13.11.2010	21	10	8	2	3	1	2	1	1	1	2	1	2	2	1	2	1	1	1.8	1.58333333333333		
	Female	2	10.10.2010	15.11.2010	29	16	20	1	2	1	2	1	1	2	2	1	2	3	2	2	2	2	1.8	1.91666666666667		
	Female	2	16.10.2010	15.11.2010	25	22	24	2	3	1	2	0	2	2	2	1	2	3	1	2	1	1	2	1.83333333333333		
	Male	1	19.10.2010	21.11.2010	23	17	17	2	3	2	3	1	1	3	2	1	2	3	2	2	3	2	2.2	2.25		
	Female	2	23.10.2010	22.11.2010	28	18	11	1	2	2	3	1	1	1	1	1	1	3	3	1	3	2	1	1.83333333333333		
	Female	2	11.10.2010	22.11.2010	22	17	9	2	3	1	2	1	1	1	3	1	3	3	2	3	2	2	2.4	2.16666666666667		
	Female	2	16.10.2010	22.11.2010	38	14	12	2	3	3	4	1	1	2	3	1	3	3	1	2	2	1	2.4	2.16666666666667		
	Female	2	21.09.2010	23.11.2010	25	16	16	2	3	2	3	0	2	1	1	2	3	3	1	2	1	1	1.8	1.91666666666667		
	Female	2	28.10.2010	26.11.2010	24	28	17	1	2	0	1	0	2	1	1	1	2	2	1	2	3	2	1.4	1.66666666666667		
	Female	2	31.10.2010	28.11.2010	24	21	13	2	3	2	3	1	1	3	1	1	2	3	2	2	2	1	2	2		
	Female	2	13.10.2010	28.11.2010	21	13	13	2	3	1	2	1	1	2	2	2	3	2	2	3	2	1	2.4	2.08333333333333		
	Female	2	18.10.2010	28.11.2010	18	8	7	1	2	0	1	1	1	1	1	1	2	1	1	1	2	1	1.2	1.25		
	Female	2	15.10.2010	29.11.2010	33	17	15	2	3	1	2	1	1	3	2	1	2	3	3	3	3	1	2.4	2.25		
	Female	2	19.10.2010	01.12.2010	13	8	16	2	3	1	2		2	88	88	88	88	88	88	88	88	88	70.8	66.5833333333333	7	2.33333333333333
	Female	2	24.10.2010	03.12.2010	29	14	13	2	3	0	1	1	1	2	1	2	3	2	1	3	2	1	2.2	1.83333333333333		
	Male	1	31.10.2010	05.12.2010	17	10	10	2	3	0	1	1	1	2	3	2	2	3	1	2	2	1	2.2	1.91666666666667		
	Male	1	12.10.2010	05.12.2010	25	17	19	1	2	3	4	0	2	2	3	1	2	3	2	2	3	2	2	2.33333333333333		
	Female	2	21.10.2010	05.12.2010	17	10	12	2	3	0	1	1	1	2	1	2	2	2	1	3	3	1	2	1.83333333333333		
	Female	2	05.11.2010	06.12.2010	15	10	2	1	2	0	1	1	1	2	1	1	1	3	1	1	3	1	1.2	1.5		
	Female	2	03.10.2010	08.12.2010	26	16	12	3	4	2	3	1	1	2	2	2	2	3	1	2	2	1	2.2	2.08333333333333		
	Female	2	12.10.2010	08.12.2010	28	19	18	2	3	1	2	1	1	3	2	1	3	3	2	3	2	1	2.6	2.16666666666667		
	Male	1	02.11.2010	09.12.2010	26	3	6	3	4	2	3	0	2	3	2	2	88	88	88	3	3	1	19.8	23.9166666666667		
	Female	2	04.10.2010	16.12.2010	16	17	8	3	4	2	3	1	1	2	2	2	3	3	2	2	2	1	2.4	2.25		
	Male	1	04.10.2010	17.12.2010	25	16	23	3	4	2	3	0	2	3	3	2	3	3	2	3	3	2	3	2.75		
	Female	2	10.11.2010	22.12.2010	29	16	15	2	3	0	1	0	2	4	2	1	3	3	1	1	3	1	2.4	2.08333333333333		
1979	Male	1	24.11.2010	24.12.2010	21	4	19	2	3	1	2	1	1	3	3	2	2	3	2	2	3	2	2.4	2.33333333333333		
1949	Female	2	24.11.2010	27.12.2010	20	19	14	1	2	1	2	1	1	1	1	2	2	1	1	1	2	1	1.2	1.41666666666667		
	Male	1	26.09.2010	01.01.2011	21	10	6	3	4	2	3	0	2	88	88	88	3	3	1	4	3	1	37.2	24		
1964	Female	2	26.11.2010	01.01.2011	28	26	24	1	2	1	2	1	1	1	1	1	2	2	1	2	3	1	1.4	1.58333333333333		
	Female	2	16.11.2010	03.01.2011	21	22	10	2	3	2	3	1	1	3	2	1	2	2	2	2	3	1	2.2	2.08333333333333		
	Female	2	18.11.2010	06.01.2011	34	19	19	2	3	0	1	1	1	3	1	2	3	2	1	2	2	1	2.2	1.83333333333333		
1964	Female	2	08.12.2010	07.01.2011	33	24	17	2	3	2	3	0	2	2	1	1	2	2	1	2	2	1	1.8	1.83333333333333		
1956	Female	2	09.12.2010	11.01.2011	32	17	23	2	3	2	3	1	1	2	2	2	3	2	1	2	2	1	2.2	2		
	Male	1	06.11.2010	22.01.2011	14	12	11	1	2	1	2	1	1	2	1	1	2	3	1	88	88	88	18.8	23.25		
1955	Female	2	15.12.2010	23.01.2011	27	17	18	2	3	1	2	1	1	1	1	1	2	2	2	2	2	1	1.6	1.66666666666667		
1964	Female	2	23.12.2010	23.01.2011	26	20	19	1	2	2	3	1	1	1	2	1	1	3	2	1	2	1	1.2	1.66666666666667		
1981	Female	2	27.12.2010	26.01.2011	25	24	12	1	2	2	3	1	1	1	1	1	2	2	1	2	2	1	1.4	1.58333333333333		
1962	Female	2	20.12.2010	27.01.2011	23	21	15	3	4	3	4	0	2	3	3	2	2	4	2	3	3	2	2.8	2.83333333333333		
1954	Female	2	03.01.2011	31.01.2011	14	13	13	1	2	2	3	0	2	1	1	1	2	2	2	1	2	1	1.2	1.66666666666667		
1939	Male	1	03.01.2011	31.01.2011	23	8	10		88		88		2	2	1	1	2	1	1	1	2	1	1.5	15.8333333333333		
1963	Female	2	29.12.2010	31.01.2011	36	1	1	2	3	2	3	1	1	1	2	1	3	2	2	2	2	1	2	1.91666666666667		
1963	Male	1	04.01.2011	01.02.2011	28	18	20	1	2	0	1	1	1	1	1	2	1	2	1	1	3	1	1	1.41666666666667		
1947	Female	2	03.01.2011	02.02.2011	26	11	9	1	2	2	3	1	1	2	1	1	3	3	3	2	2	1	1.8	2		
1975	Female	2	03.01.2011	02.02.2011	14	11	12	2	3	0	1	0	2	2	2	2	3	2	1	3	1	2	2.4	2		
1957	Female	2	31.12.2010	03.02.2011	31	12	20	1	2	1	2	1	1	1	2	1	1	3	2	1	3	2	1.2	1.75		
	Male	1	21.09.2010	04.02.2011	19	17	12	3	4	2	3	0	2	3	2	2	4	3	1	88	88	88	20	24		
1967	Female	2	05.01.2011	06.02.2011	24	12	25	2	3	2	3	0	2	3	2	2	4	3	2	2	3	2	2.6	2.58333333333333		
1982	Female	2	04.01.2011	07.02.2011	33	18	23	1	2	1	2	1	1	1	1	1	2	3	3	1	2	1	1.2	1.66666666666667		
1954	Female	2	03.01.2011	07.02.2011	18	9	10	2	3	2	3	1	1	2	1	2	2	3	2	2	2	1	1.8	2		
	Female	2	12.11.2010	07.02.2011	23	12	19	3	4	2	3	0	2	3	2	1	3	3	2	2	3	2	2.6	2.5		
1951	Male	1	04.01.2011	09.02.2011	16	11	5	3	4	2	3	0	2	3	2	2	3	3	3	2	3	2	2.6	2.66666666666667		
1959	Female	2	08.01.2011	09.02.2011	18	3	1	2	3	0	1	1	1	2	2	2	2	3	1	1	3	2	1.8	1.91666666666667		
1959	Male	1	06.01.2011	11.02.2011	29	15	15	2	3	2	3	1	1	2	1	2	2	3	2	2	1	1	1.8	1.91666666666667		
1962	Female	2	02.01.2011	14.02.2011	27	14	2	2	3	1	2	1	1	1	2	1	3	2	2	3	2	1	2.2	1.91666666666667		
1971	Female	2	19.01.2011	16.02.2011	20	15	12	2	3	1	2	1	1	3	2	1	3	2	2	1	3	1	2.2	2		
1963	Female	2	03.01.2011	16.02.2011	22	13	9	2	3	1	2	1	1	2	2	1	2	3	1	2	2	1	2	1.83333333333333		
	Female	2	30.09.2010	17.02.2011	24	11	7	2	3	0	1	1	1	1	1	2	2	2	1	2	3	1	1.6	1.66666666666667		
1978	Female	2	14.01.2011	18.02.2011	34	24	23	2	3	2	3	1	1	1	1	1	2	2	1	2	3	2	1.6	1.83333333333333		
1971	Male	1	18.01.2011	20.02.2011	21	11	9	2	3	2	3	0	2	2	2	1	2	4	2	2	3	1	2	2.25		
1957	Female	2	20.01.2011	21.02.2011	26	19	19	3	4	0	1	1	1	2	2	2	3	2	2	2	3	1	2.4	2.08333333333333		
1950	Male	1	22.12.2010	21.02.2011	23	11	10	3	4	1	2	1	1	2	2	2	2	3	2	2	3	1	2.2	2.16666666666667		
1954	Female	2	26.01.2011	22.02.2011	19	13	13	2	3	2	3	1	1	2	1	1	2	3	2	2	3	2	1.8	2.08333333333333		
1977	Female	2	22.01.2011	23.02.2011	22	12	11	2	3	2	3	1	1	3	3	1	3	3	2	3	3	1	2.8	2.41666666666667		
1955	Female	2	23.01.2011	23.02.2011	33	3	5	2	3	1	2	1	1	2	2	1	2	2	2	2	2	1	2	1.83333333333333		
1959	Female	2	21.01.2011	25.02.2011	19	3	10	2	3	2	3	1	1	3	2	1	3	3	1	3	3	1	2.6	2.25		
1982	Female	2	26.01.2011	27.02.2011	23	13	13	2	3	2	3	1	1	3	1	1	2	3	1	2	3	1	2	2		
1979	Male	1	03.01.2011	27.02.2011	21	17	22	2	3	1	2	1	1	3	2	2	2	3	1	3	3	1	2.4	2.16666666666667		
1958	Male	1	30.01.2011	27.02.2011	18	15	13	1	2	0	1	0	2	2	1	2	2	3	2	2	3	1	1.6	1.91666666666667		
1964	Female	2	05.01.2011	28.02.2011	26	18	19	2	3	1	2	0	2	3	3	2	3	3	2	3	3	2	2.8	2.58333333333333		
1974	Female	2	31.01.2011	01.03.2011	20	17	9	2	3	2	3	0	2	3	2	2	3	3	2	3	3	1	2.6	2.5		
1957	Male	1	08.01.2011	01.03.2011	24	17	27	3	4	2	3	1	1	3	3	2	4	4	2	88	88	88	20.2	24.1666666666667		
1947	Male	1	12.01.2011	02.03.2011	24	10	8	3	4	3	4	0	2	1	2	1	2	1	2	2	3	1	2	2.08333333333333		
1958	Female	2	02.02.2011	03.03.2011	17	11	1	2	3	1	2	1	1	2	2	1	2	2	2	3	3	2	2.2	2.08333333333333		
1949	Female	2	29.12.2010	04.03.2011	23	8	13	3	4	1	2	1	1	2	2	2	2	2	2	2	3	1	2.2	2.08333333333333		
1954	Female	2	09.01.2011	06.03.2011	23	16	17	3	4	1	2	1	1	3	2	1	3	3	1	3	3	1	2.8	2.25		
	Female	2	31.10.2010	06.03.2011	27	23	22	1	2	0	1	1	1	2	1	1	2	2	1	2	2	1	1.6	1.5		
1975	Female	2	07.02.2011	08.03.2011	29	12	10	2	3	1	2	0	2	3	3	1	2	3	2	3	3	2	2.6	2.41666666666667		
1962	Female	2	07.02.2011	11.03.2011	29	22	20	3	4	2	3	1	1	3	2	1	3	3	1	3	3	2	2.8	2.41666666666667		
1975	Female	2	07.02.2011	11.03.2011	20	5	1	2	3	1	2	1	1	2	2	1	1	2	1	1	2	1	1.6	1.58333333333333		
1983	Female	2	31.01.2011	15.03.2011	22	12	5	3	4	2	3	1	1	2	2	1	2	2	2	2	2	1	2.2	2		
1959	Female	2	29.01.2011	16.03.2011	14	7	4	3	4	1	2	1	1	2	2	1	2	2	2	3	3	1	2.4	2.08333333333333		
1967	Male	1	04.01.2011	18.03.2011	28	30	0	0	1		88		2	2	2	2	2	3	2	2	3	1	1.6	9.16666666666667		
1981	Male	1	21.02.2011	20.03.2011	21	7	8	2	3	2	3	1	1	1	3	1	2	2	2	2	3	1	2	2		
	Female	2	11.02.2011	21.03.2011	10	4	5	3	4	2	3	1	1	3	2	1	3	3	1	3	2	1	2.8	2.25		
1970	Female	2	05.01.2011	22.03.2011	21	20	19	3	4	2	3	1	1	3	3	2	3	4	1	4	3	1	3.2	2.66666666666667		
1968	Female	2	19.02.2011	22.03.2011	30	20	16	1	2	1	2	1	1	1	1	1	2	2	2	1	2	2	1.2	1.58333333333333	19	1.35714
1942	Female	2	11.02.2011	23.03.2011	19	13	14	1	2	1	2	1	1	2	2	2	3	3	1	2	3	1	2	2		
1944	Female	2	07.02.2011	25.03.2011	28	13	15	2	3	2	3	1	1	2	2	2	3	2	1	2	1	1	2.2	1.91666666666667		
1975	Female	2	14.02.2011	27.03.2011	34	22	20	2	3		88	1	1	3	2	2	3	4	2	88	88	88	19.6	31		
1966	Female	2	13.02.2011	27.03.2011	29	16	20	2	3	1	2	1	1	88	88	88	2	3	2	2	2	1	36.4	23.5		
	Female	2	02.02.2011	28.03.2011	27	23	29	3	4	2	3	1	1	3	3	1	4	3	3	4	3	2	3.4	2.83333333333333		
1964	Male	1	01.03.2011	29.03.2011	36	23	17	1	2	2	3	1	1	2	1	2	2	2	2	2	3	1	1.6	1.91666666666667		
